lio_node_v2:
  ros__parameters:
    lidar_topic: /avia/livox/points
    queue_size: 5
    use_imu: true
    imu_topic: /avia/livox/imu
    imu_gravity_mag: 9.81
    imu_gravity_init_n: 200
    imu_gravity_z_down: false
    imu_use_accel: true
    imu_timeout_sec: 0.5
    imu_accel_scale: 9.81
    imu_gyro_bias:
    - 0.0
    - 0.0
    - 0.0
    imu_accel_bias:
    - 0.0
    - 0.0
    - 0.0
    step_decimation: 1
    max_scans: -1
    accumulate_between_decimation: false
    accumulate_voxel: 0.1
    accumulate_max_points: 1500000
    force_z_zero: true
    soft_z_sigma: 0.4439102767051397
    zupt_omega_thresh: 0.05
    zupt_accel_thresh: 0.3
    zupt_sigma_v: 0.0023426581058204046
    motion_omega_stationary: 0.05
    motion_omega_rotating: 0.3
    motion_accel_stationary: 0.3
    motion_accel_translating: 0.8
    motion_skip_stationary: true
    motion_rot_noise_scale: 5.680612190600297
    motion_trans_pos_noise_scale: 2.7788803687820707
    visualize: false
    map_voxel: 0.05859095211742173
    level_init: true
    imu_auto_scale: true
    undistort_translation: true
    ieskf_sigma_gyro: 0.007902619549708232
    ieskf_sigma_accel: 0.08536189862866832
    ieskf_sigma_bg: 0.0004138040112561013
    ieskf_sigma_ba: 0.0004066563313514797
    ieskf_init_p_cov: 0.057624872164786026
    ieskf_init_bg_cov: 3.077180271250682e-05
    ieskf_init_ba_cov: 0.0009565499215943821
    ieskf_init_g_cov: 0.00013726318898045882
    ieskf_max_iters: 2
    ieskf_meas_noise_pos: 0.0018349072049055448
    ieskf_meas_noise_rot: 0.037535371452331254
    imu_base_weight: 0.10854643368675157
    nonrep_base_weight: 0.8914535663132485
    gicp_min_conf: 0.46484340576040256
    gicp_chi2_threshold: 23.25044568707964
    use_pctools_gicp: true
    gicp_max_corr_distance: 3.9880977051250155
    gicp_voxel_size: 0.4349796564256659
    gicp_max_iterations: 92
    gicp_submap_radius: 31.905499046498832
    voxel_map_prune_radius: 80.0
    voxel_map_max_voxels: 400000
    publish_odom: true
    odom_topic: /lio_v2/odom
    publish_map: false
    publish_tf: false
    map_frame: map
    base_frame: base_link
    ieskf_init_rot_cov: 0.053451661106468214
    ieskf_init_v_cov: 0.0005975027999960298
    p2p_sigma: 0.017987863473362915
    p2p_max_corr_dist: 0.23618183112843047
    p2p_scan_voxel: 0.2975990992289793
    p2p_submap_voxel: 0.31660318690684464
    p2p_min_corr: 36
    p2p_huber_delta: 0.2571843772879823
    p2p_max_iters: 3
