lio_node_v2:
  ros__parameters:
    lidar_topic: /avia/livox/points
    queue_size: 5
    use_imu: true
    imu_topic: /avia/livox/imu
    imu_gravity_mag: 9.81
    imu_gravity_init_n: 200
    imu_gravity_z_down: false
    imu_use_accel: true
    imu_timeout_sec: 0.5
    imu_accel_scale: 9.81
    imu_gyro_bias:
    - 0.0
    - 0.0
    - 0.0
    imu_accel_bias:
    - 0.0
    - 0.0
    - 0.0
    step_decimation: 1
    max_scans: -1
    accumulate_between_decimation: false
    accumulate_voxel: 0.1
    accumulate_max_points: 1500000
    force_z_zero: true
    soft_z_sigma: 0.054182823195332394
    zupt_omega_thresh: 0.05
    zupt_accel_thresh: 0.3
    zupt_sigma_v: 0.01120760621186057
    motion_omega_stationary: 0.05
    motion_omega_rotating: 0.3
    motion_accel_stationary: 0.3
    motion_accel_translating: 0.8
    motion_skip_stationary: true
    motion_rot_noise_scale: 2.650640588680904
    motion_trans_pos_noise_scale: 1.590786990501735
    visualize: false
    map_voxel: 0.11320391141177716
    level_init: true
    imu_auto_scale: true
    undistort_translation: true
    ieskf_sigma_gyro: 0.007969454818643935
    ieskf_sigma_accel: 0.029106359131330698
    ieskf_sigma_bg: 0.00015751320499779721
    ieskf_sigma_ba: 0.0002051338263087451
    ieskf_init_p_cov: 2.9154431891537547
    ieskf_init_bg_cov: 0.002537815508265664
    ieskf_init_ba_cov: 0.006796578090758156
    ieskf_init_g_cov: 0.00012087541473056971
    ieskf_max_iters: 2
    ieskf_meas_noise_pos: 0.0026364803038431655
    ieskf_meas_noise_rot: 0.001360354613611808
    imu_base_weight: 0.3870861069626262
    nonrep_base_weight: 0.6129138930373739
    gicp_min_conf: 0.2148628294821613
    gicp_chi2_threshold: 14.246782213565524
    use_pctools_gicp: true
    gicp_max_corr_distance: 1.8105311308911887
    gicp_voxel_size: 0.2045610287221892
    gicp_max_iterations: 31
    gicp_submap_radius: 18.146509184084817
    voxel_map_prune_radius: 80.0
    voxel_map_max_voxels: 400000
    publish_odom: true
    odom_topic: /lio_v2/odom
    publish_map: false
    publish_tf: false
    map_frame: map
    base_frame: base_link
    ieskf_init_rot_cov: 0.0812324508558869
    ieskf_init_v_cov: 0.03142880890840111
    p2p_sigma: 0.10508421338691762
    p2p_max_corr_dist: 0.3597390257266878
    p2p_scan_voxel: 0.3542703315240835
    p2p_submap_voxel: 0.37772437065861275
    p2p_min_corr: 22
    p2p_huber_delta: 0.20188621297535958
    p2p_max_iters: 2
